127263.484000 0.000000000 0.000000000 0.000000000 0.000000000 0.000000000 0.000000000 1.000000000
127330.148000 -0.000017628 -0.000021358 0.000009833 0.000000530 0.000041462 -0.000074459 1.000000000
127396.812000 0.000009127 -0.000017538 -0.000019844 -0.000009797 -0.000028927 -0.000138203 1.000000000
127463.475000 0.000041367 0.000005247 0.000002756 0.000008071 -0.000012723 -0.000005748 1.000000000
127530.139000 0.000073694 -0.000009579 -0.000009468 -0.000007187 -0.000085231 -0.000050229 1.000000000
127596.803000 0.000064938 -0.000024567 0.000031937 -0.000006564 -0.000063615 -0.000044325 1.000000000
127663.466000 0.000036609 -0.000004462 -0.000035472 0.000011596 -0.000067461 -0.000006089 1.000000000
127730.130000 0.000086013 0.000024745 0.000001568 0.000039132 -0.000100807 -0.000056299 1.000000000
127796.794000 -0.000002760 0.000010733 0.000029174 0.000022433 0.000045294 -0.000062124 1.000000000
127863.458000 -0.000021690 0.000013725 -0.000019197 0.000045259 0.000108624 -0.000040826 1.000000000
127930.121000 0.000008827 0.000006136 -0.000038751 0.000002008 0.000021780 -0.000060117 1.000000000
127996.785000 0.000067079 -0.000005977 0.000001358 -0.000008932 -0.000047161 -0.000026108 1.000000000
128063.449000 -0.000000856 -0.000006431 -0.000017698 0.000020290 -0.000020500 -0.000039404 1.000000000
128130.113000 0.000069490 -0.000010042 0.000019221 0.000008686 -0.000074291 0.000005143 1.000000000
128196.776000 0.000039580 -0.000010795 -0.000028542 -0.000013792 -0.000045443 -0.000066313 1.000000000
128263.440000 0.000104846 0.000016836 0.000007919 0.000015231 -0.000106555 0.000094920 1.000000000
128330.104000 0.000056123 -0.000000354 -0.000014636 0.000009768 -0.000056807 0.000047274 1.000000000
128396.767000 -0.000024466 0.000027036 0.000065291 0.000039916 0.000054253 -0.000014640 1.000000000
128463.431000 0.000075583 0.000004064 0.000050257 -0.000009288 -0.000052996 0.000005949 1.000000000
128530.095000 0.000098443 -0.000017912 0.000009921 -0.000009894 -0.000113185 -0.000014872 1.000000000
128596.759000 -0.000009325 0.000019170 0.000075233 0.000014138 -0.000004984 0.000106564 1.000000000
128663.422000 -0.000014314 -0.000015165 0.000045763 -0.000035013 -0.000021863 -0.000119784 1.000000000
128730.086000 0.000082255 0.000018394 -0.000010187 0.000010883 -0.000152146 0.000054595 1.000000000
128796.750000 -0.000068971 -0.000019478 -0.000007155 -0.000015346 0.000073340 -0.000062286 1.000000000
128863.414000 0.000047164 -0.000034317 0.000021733 -0.000094558 -0.000190828 0.000005918 1.000000000
128930.077000 -0.000003826 -0.000029834 0.000108098 -0.000071424 -0.000104059 0.000005219 1.000000000
128996.741000 0.000103314 -0.000024146 0.000039468 -0.000056325 -0.000333779 -0.000099002 0.999999940
129063.405000 -0.000009561 0.000011143 0.000101373 -0.000043237 -0.000258601 0.000061411 0.999999940
129130.068000 0.000086899 0.000007489 0.000048873 -0.000025161 -0.000370455 -0.000008285 0.999999940
129196.732000 -0.000007683 0.000032799 0.000044811 -0.000071582 -0.000660787 0.000158836 0.999999762
129263.396000 -0.000021008 -0.000018616 0.000092555 -0.000115583 -0.001115239 0.000042298 0.999999344
129330.060000 0.000092325 -0.000000920 0.000098582 -0.000220652 -0.002014135 0.000200542 0.999997914
129396.723000 0.000123029 0.000004628 0.000357072 -0.000225345 -0.002938941 0.000231642 0.999995589
129463.387000 0.000172026 0.000104291 0.000383192 -0.000222702 -0.003940411 0.000521970 0.999992073
129530.051000 0.000332817 0.000038824 0.000510867 -0.000297380 -0.004919901 0.000302884 0.999987781
129596.715000 0.000530492 -0.000015353 0.000438564 -0.000386544 -0.005789809 0.000300103 0.999983132
129663.378000 0.000491306 -0.000052070 0.000576412 -0.000466838 -0.006195386 0.000331190 0.999980628
129730.042000 0.000542528 -0.000077548 0.000776538 -0.000504594 -0.006716236 0.000106905 0.999977291
129796.706000 0.000483313 -0.000019492 0.000854141 -0.000453456 -0.006980753 0.000348353 0.999975443
129863.369000 0.000721266 -0.000009438 0.001086620 -0.000455520 -0.007932155 0.000365308 0.999968350
129930.033000 0.000705345 -0.000041771 0.001163587 -0.000537683 -0.008439400 0.000418321 0.999964118
129996.697000 0.000963052 -0.000072036 0.001306904 -0.000588669 -0.009020971 0.000389105 0.999959052
130063.361000 0.001010518 -0.000084912 0.001504908 -0.000590730 -0.009366277 0.000435944 0.999955893
130130.024000 0.001172573 -0.000028087 0.001880353 -0.000624333 -0.009760049 0.000422593 0.999952078
130196.688000 0.001116768 -0.000022085 0.001787428 -0.000646281 -0.010248996 0.000495323 0.999947131
130263.352000 0.001192684 0.000099760 0.002236643 -0.000561070 -0.010944093 0.000593802 0.999939799
130330.015000 0.001408395 -0.000003142 0.002466636 -0.000674650 -0.011662699 0.000623612 0.999931574
130396.679000 0.001484357 -0.000075356 0.002687237 -0.000785713 -0.012286257 0.000482368 0.999924064
130463.343000 0.001675008 -0.000038936 0.002821986 -0.000787046 -0.012683709 0.000409731 0.999919176
130530.007000 0.001784555 -0.000062306 0.003086057 -0.000856685 -0.013015501 0.000453036 0.999914825
130596.670000 0.002031268 -0.000080699 0.003388074 -0.000887436 -0.013248183 0.000282961 0.999911785
130663.334000 0.002175916 -0.000224849 0.003767180 -0.001008711 -0.013489180 0.000184050 0.999908507
130729.998000 0.002307963 0.000041037 0.004190050 -0.000798478 -0.013670576 0.000503356 0.999906123
130796.662000 0.002634024 -0.000082152 0.004644637 -0.001008573 -0.014222901 0.000608828 0.999898136
130863.325000 0.002766767 -0.000081587 0.004788950 -0.000965360 -0.014504964 0.000295599 0.999894261
130929.989000 0.003173473 -0.000028063 0.005489633 -0.000975430 -0.015045305 0.000600940 0.999886155
130996.653000 0.003305003 -0.000116093 0.005762001 -0.001024009 -0.015052329 0.000325837 0.999886155
131063.316000 0.003531660 -0.000065382 0.006357497 -0.000946657 -0.015193743 0.000435505 0.999884009
131129.980000 0.003417512 -0.000049560 0.006613550 -0.000995589 -0.015186654 0.000617626 0.999884009
131196.644000 0.003685768 -0.000145798 0.006687659 -0.001079000 -0.016218664 0.000398896 0.999867797
131263.308000 0.003684962 -0.000205740 0.007158060 -0.001116244 -0.016877249 0.000424604 0.999856830
131329.971000 0.003820573 -0.000051245 0.007629173 -0.001035370 -0.017717317 0.000764719 0.999842227
131396.635000 0.003784160 0.000205462 0.008029098 -0.000867177 -0.018633397 0.001574091 0.999824762
131463.299000 0.004152385 -0.000042162 0.008026939 -0.001057092 -0.019800905 0.000881675 0.999803007
131529.963000 0.004343892 -0.000006387 0.008451968 -0.000999180 -0.020517545 0.001132516 0.999788344
131596.626000 0.004259595 0.000039462 0.008717421 -0.001020095 -0.021694763 0.001173120 0.999763429
131663.290000 0.004536724 -0.000033229 0.009028665 -0.001130397 -0.022962645 0.001165906 0.999734998
131729.954000 0.004675909 -0.000041801 0.009306422 -0.001129839 -0.023809886 0.000982054 0.999715388
131796.617000 0.004810965 -0.000008313 0.009672589 -0.001062179 -0.024933960 0.001037460 0.999688029
131863.281000 0.005022460 -0.000051626 0.010145011 -0.001143994 -0.026103552 0.001236439 0.999657810
131929.945000 0.005424885 -0.000100790 0.010747241 -0.001190786 -0.028247468 0.001499655 0.999599099
131996.609000 0.005775488 -0.000116024 0.011261400 -0.001258490 -0.030072479 0.001122688 0.999546289
132063.272000 0.005776735 -0.000032301 0.012001213 -0.001244315 -0.031565107 0.001399708 0.999499977
132129.936000 0.005550832 0.000068389 0.013276159 -0.001203822 -0.033184100 0.001492871 0.999447405
132196.600000 0.006144834 0.000124130 0.013597916 -0.001168231 -0.035500292 0.001613132 0.999367714
132263.264000 0.006163727 0.000049342 0.014401762 -0.001285033 -0.037057083 0.001856019 0.999310613
132329.927000 0.006421060 0.000080533 0.014985005 -0.001270308 -0.039288461 0.000974629 0.999226630
132396.591000 0.006955841 0.000080477 0.015628159 -0.001266684 -0.040565483 0.001825079 0.999174416
132463.255000 0.006865656 0.000007008 0.016298331 -0.001340138 -0.042037830 0.001454077 0.999114096
132529.918000 0.007575240 0.000184316 0.017222894 -0.001325024 -0.043923762 0.002287006 0.999031425
132596.582000 0.007586407 0.000033821 0.018242709 -0.001522089 -0.045677934 0.002122623 0.998952806
132663.246000 0.007798306 0.000121601 0.019183077 -0.001421788 -0.047484104 0.001990581 0.998869002
132729.910000 0.008291298 0.000206857 0.019782087 -0.001383182 -0.049640797 0.002875193 0.998762071
132796.573000 0.008917009 -0.000188035 0.020287728 -0.001660024 -0.051821288 0.002369305 0.998652160
132863.237000 0.008771942 0.000340748 0.021326814 -0.001413116 -0.052776191 0.003073366 0.998600662
132929.901000 0.009281502 -0.000119970 0.021823585 -0.001923603 -0.054366708 0.002298405 0.998516560
132996.564000 0.009085244 0.000303774 0.022435864 -0.001594574 -0.055128109 0.002672818 0.998474419
133063.228000 0.009553893 -0.000074702 0.022750329 -0.001892989 -0.056220800 0.002151860 0.998414278
133129.892000 0.009479827 0.000132563 0.023272887 -0.001790089 -0.057162825 0.002572563 0.998359978
133196.556000 0.009866627 0.000293417 0.023292730 -0.001645193 -0.057964608 0.002919519 0.998313010
133263.219000 0.009666007 0.000133835 0.023723878 -0.001852906 -0.058691472 0.002471111 0.998271406
133329.883000 0.009972819 0.000265045 0.023878429 -0.001761857 -0.059343345 0.003061297 0.998231411
133396.547000 0.010021782 0.000194316 0.024108494 -0.001857183 -0.059878394 0.002681091 0.998200357
133463.211000 0.009978713 0.000109916 0.024047332 -0.001888095 -0.060032122 0.002594372 0.998191297
133529.874000 0.010075267 0.000288843 0.024254613 -0.001738523 -0.060369320 0.002771062 0.998170733
133596.538000 0.010004103 0.000107268 0.024459079 -0.001850705 -0.060431179 0.002319911 0.998167932
133663.202000 0.010044753 0.000137188 0.024247374 -0.001897718 -0.060381316 0.002630160 0.998170137
133729.865000 0.009787017 0.000171316 0.024417160 -0.001860962 -0.060190406 0.002461585 0.998182178
133796.529000 0.009881024 -0.000044549 0.024549007 -0.002022005 -0.060520940 0.001909346 0.998163044
133863.193000 0.009948868 0.000271078 0.024327127 -0.001718885 -0.060393557 0.002841845 0.998169124
133929.857000 0.010326388 0.000035666 0.024158422 -0.001927590 -0.060763665 0.002397708 0.998147428
133996.520000 0.010068504 0.000064853 0.024311556 -0.001916986 -0.060753595 0.002313646 0.998148263
134063.184000 0.010248769 0.000037007 0.024260677 -0.001947119 -0.060792759 0.002095589 0.998146296
134129.848000 0.009872327 0.000147812 0.024604540 -0.001798718 -0.060395248 0.002364960 0.998170137
134196.512000 0.009922463 0.000156753 0.024698038 -0.001914001 -0.060942061 0.002221811 0.998136997
134263.175000 0.009996060 0.000301630 0.024928266 -0.001687116 -0.061334278 0.003108215 0.998111010
134329.839000 0.010333156 0.000029127 0.025094327 -0.001969832 -0.062585898 0.002073873 0.998035491
134396.503000 0.010039658 0.000259827 0.025895244 -0.001769133 -0.062953278 0.002563173 0.998011649
134463.166000 0.010423671 0.000153758 0.025945455 -0.001965719 -0.063957028 0.002403992 0.997947812
134529.830000 0.010554482 0.000184073 0.026992800 -0.001931577 -0.065193728 0.002224966 0.997868299
134596.494000 0.010454547 0.000250333 0.027784258 -0.001972232 -0.065644540 0.002328509 0.997838378
134663.158000 0.010906236 0.000178260 0.028208159 -0.002019393 -0.066542462 0.002359425 0.997778773
134729.821000 0.010791898 0.000299727 0.029005889 -0.002003420 -0.066887394 0.002617720 0.997755051
134796.485000 0.011493846 0.000169255 0.029127723 -0.002060483 -0.068035990 0.002180733 0.997678339
134863.149000 0.011434987 0.000193027 0.029637402 -0.002081999 -0.068201028 0.002472033 0.997666359
134929.813000 0.011401154 0.000139511 0.030326644 -0.002090585 -0.068643697 0.001955663 0.997637153
134996.476000 0.011516543 0.000266236 0.030665526 -0.002032878 -0.068757869 0.002390119 0.997628450
135063.140000 0.011686190 0.000155226 0.031081887 -0.002160784 -0.069128916 0.002273236 0.997602820
135129.804000 0.011435056 0.000229782 0.031542536 -0.002000647 -0.068879455 0.002214491 0.997620523
135196.467000 0.011625001 0.000059146 0.032079618 -0.002176095 -0.069285326 0.001878281 0.997592747
135263.131000 0.011316659 0.000341295 0.032653023 -0.001968993 -0.069028683 0.002288653 0.997610092
135329.795000 0.011407981 0.000246108 0.033117350 -0.001997035 -0.069126539 0.001842953 0.997604191
135396.459000 0.011877631 0.000250642 0.033459287 -0.001957791 -0.069349922 0.002056332 0.997588336
135463.122000 0.012265661 0.000161278 0.033517200 -0.002023099 -0.069546349 0.002124251 0.997574389
135529.786000 0.012249951 0.000167596 0.034176014 -0.002018882 -0.069376029 0.002193245 0.997586131
135596.450000 0.011977482 0.000199861 0.035104726 -0.001834718 -0.069024280 0.002067331 0.997611165
135663.113000 0.012147121 0.000274041 0.035765983 -0.001958884 -0.069251150 0.002203869 0.997594893
135729.777000 0.011730842 0.000443295 0.036823962 -0.001703105 -0.068613485 0.001849890 0.997640133
135796.441000 0.012527345 0.000290505 0.036269050 -0.001763187 -0.069299355 0.002166748 0.997591972
135863.105000 0.012597712 0.000316757 0.036860425 -0.001664128 -0.069122471 0.002377793 0.997603953
135929.768000 0.012818951 0.000077801 0.037486047 -0.001887087 -0.068700060 0.001433816 0.997634530
135996.432000 0.012927680 0.000272478 0.038469560 -0.001653264 -0.068359010 0.001620048 0.997658074
136063.096000 0.013607201 0.000052430 0.039173178 -0.001764412 -0.068015769 0.001698577 0.997681260
136129.760000 0.013293497 0.000300015 0.040013861 -0.001501458 -0.067053631 0.001678609 0.997746825
136196.423000 0.013923683 -0.000028179 0.040366817 -0.001803464 -0.066783182 0.001450164 0.997764826
136263.087000 0.013517914 0.000540391 0.041413162 -0.001321411 -0.065692969 0.002384870 0.997836173
136329.751000 0.014408465 0.000229002 0.041966710 -0.001525214 -0.065642416 0.001484461 0.997840941
136396.414000 0.014569869 0.000342490 0.042644314 -0.001373809 -0.064666361 0.001813386 0.997904360
136463.078000 0.014343743 0.000411958 0.044093028 -0.001392565 -0.063286766 0.001759356 0.997992873
136529.742000 0.014702754 0.000226556 0.044728760 -0.001509936 -0.062255442 0.001259347 0.998058319
136596.406000 0.016072584 0.000384416 0.044923872 -0.001228542 -0.061910886 0.002092664 0.998078763
136663.069000 0.015693283 0.000293574 0.045840498 -0.001490455 -0.060157973 0.000945537 0.998187304
136729.733000 0.016420260 0.000457630 0.046695337 -0.001267964 -0.058479756 0.001936136 0.998285890
136796.397000 0.016662462 -0.000036800 0.047665320 -0.001736977 -0.057125617 0.000716099 0.998365223
136863.061000 0.016777091 0.000361113 0.047999736 -0.001280323 -0.054953288 0.001464011 0.998487055
136929.724000 0.016835123 0.000175830 0.048802599 -0.001473579 -0.052997977 0.000789870 0.998593211
136996.388000 0.017524848 0.000238426 0.049317040 -0.001323742 -0.051268999 0.000822440 0.998683631
137063.052000 0.017729910 0.000209553 0.050504226 -0.001365449 -0.049077015 0.001044294 0.998793542
137129.715000 0.017460931 0.000131968 0.051545855 -0.001320754 -0.046468411 0.000048999 0.998918891
137196.379000 0.017767480 0.000303517 0.052053500 -0.001130290 -0.044529375 0.000484485 0.999007344
